4033773088  9
2798029779  48
2268786038  49
2235553435  50
1781972134  65
1661837160  69
1596882653  79
1475612610  52
1354966460  46
1246535328  51
1233822908  77
1140506419  82
1134440447  73
1131552862  53
1116822255  84
1112543159  32
1101501964  76
1093697197  54
1091740327  67
1090345769  78
1086787976  55
1086500998  57
1067473721  56
953903297   83
720615663   68
662568302   72
572797559   80
549540414   87
484123177   58
482020987   66
361416473   89
331382177   85
330616443   71
325949293   45
316533173   70
315611216   75
298481280   47
252111934   64
252110818   10
242991041   86
117699470   74
104270508   95
99563680    90
72727284    88
35955979    81
3661040 111
3108814 101
2710910 99
2457683 97
2201831 119
2037705 114
2037668 109
1993536 115
1645862 116
1245601 104
1174782 110
921977  108
850513  105
841570  103
585077  118
495942  112
392711  121
382853  63
347099  39
295654  61
225572  100
221943  122
197654  98
195048  117
146109  107
88635   106
81311   102
44794   34
35400   120
27666   38
15277   40
13897   41
8879    113
8030    33
4422    126
4165    43
2885    35
2582    96
1946    42
1293    36
478 37
249 94
119 123
84  125
53  60
50  62
40  92
36  223
29  170
17  44
17  188
15  225
15  166
13  59
8   160
6   175
5   93
5   91
4   237
3   199
3   177
3   172
2   8
2   189
2   187
1   7
1   6
1   255
1   251
1   247
1   209
1   20
1   181
1   171